(kicad_pcb (version 20171130) (host pcbnew "(5.0.2)-1")

  (general
    (thickness 1.6)
    (drawings 22)
    (tracks 312)
    (zones 0)
    (modules 33)
    (nets 28)
  )

  (page A4)
  (layers
    (0 F.Cu signal)
    (31 B.Cu signal)
    (32 B.Adhes user hide)
    (33 F.Adhes user)
    (34 B.Paste user)
    (35 F.Paste user)
    (36 B.SilkS user)
    (37 F.SilkS user)
    (38 B.Mask user)
    (39 F.Mask user hide)
    (40 Dwgs.User user)
    (41 Cmts.User user hide)
    (42 Eco1.User user)
    (43 Eco2.User user)
    (44 Edge.Cuts user)
    (45 Margin user)
    (46 B.CrtYd user)
    (47 F.CrtYd user)
    (48 B.Fab user hide)
    (49 F.Fab user hide)
  )

  (setup
    (last_trace_width 0.25)
    (user_trace_width 0.3)
    (user_trace_width 0.4)
    (user_trace_width 0.5)
    (trace_clearance 0.2)
    (zone_clearance 0.3)
    (zone_45_only no)
    (trace_min 0.2)
    (segment_width 0.2)
    (edge_width 0.15)
    (via_size 0.6)
    (via_drill 0.3)
    (via_min_size 0.4)
    (via_min_drill 0.3)
    (uvia_size 0.3)
    (uvia_drill 0.1)
    (uvias_allowed no)
    (uvia_min_size 0.2)
    (uvia_min_drill 0.1)
    (pcb_text_width 0.25)
    (pcb_text_size 1 1)
    (mod_edge_width 0.15)
    (mod_text_size 1 1)
    (mod_text_width 0.15)
    (pad_size 1.524 1.524)
    (pad_drill 0.762)
    (pad_to_mask_clearance 0.051)
    (solder_mask_min_width 0.25)
    (aux_axis_origin 0 0)
    (visible_elements 7FFDFF7F)
    (pcbplotparams
      (layerselection 0x010f0_ffffffff)
      (usegerberextensions false)
      (usegerberattributes false)
      (usegerberadvancedattributes false)
      (creategerberjobfile false)
      (excludeedgelayer true)
      (linewidth 0.100000)
      (plotframeref false)
      (viasonmask false)
      (mode 1)
      (useauxorigin false)
      (hpglpennumber 1)
      (hpglpenspeed 20)
      (hpglpendiameter 15.000000)
      (psnegative false)
      (psa4output false)
      (plotreference true)
      (plotvalue false)
      (plotinvisibletext false)
      (padsonsilk false)
      (subtractmaskfromsilk false)
      (outputformat 1)
      (mirror false)
      (drillshape 0)
      (scaleselection 1)
      (outputdirectory "gerbers_frsim"))
  )

  (net 0 "")
  (net 1 +5V)
  (net 2 GND)
  (net 3 +3V3)
  (net 4 /RX)
  (net 5 /TX)
  (net 6 /BIND)
  (net 7 /OSCIN)
  (net 8 /OSCOUT)
  (net 9 "Net-(C7-Pad1)")
  (net 10 "Net-(D1-Pad2)")
  (net 11 "Net-(D2-Pad1)")
  (net 12 "Net-(D3-Pad1)")
  (net 13 /SWDIO)
  (net 14 /SWCLK)
  (net 15 "Net-(J2-Pad2)")
  (net 16 "Net-(J2-Pad3)")
  (net 17 /D+)
  (net 18 /D-)
  (net 19 /BOOT1)
  (net 20 "Net-(R11-Pad1)")
  (net 21 /CC_CSN)
  (net 22 /CC_MISO)
  (net 23 /CC_CLK)
  (net 24 /CC_MOSI)
  (net 25 /GREEN)
  (net 26 /RED)
  (net 27 /SEL)

  (net_class Default "This is the default net class."
    (clearance 0.2)
    (trace_width 0.25)
    (via_dia 0.6)
    (via_drill 0.3)
    (uvia_dia 0.3)
    (uvia_drill 0.1)
    (add_net +3V3)
    (add_net +5V)
    (add_net /BIND)
    (add_net /BOOT1)
    (add_net /CC_CLK)
    (add_net /CC_CSN)
    (add_net /CC_MISO)
    (add_net /CC_MOSI)
    (add_net /D+)
    (add_net /D-)
    (add_net /GREEN)
    (add_net /OSCIN)
    (add_net /OSCOUT)
    (add_net /RED)
    (add_net /RX)
    (add_net /SEL)
    (add_net /SWCLK)
    (add_net /SWDIO)
    (add_net /TX)
    (add_net GND)
    (add_net "Net-(C7-Pad1)")
    (add_net "Net-(D1-Pad2)")
    (add_net "Net-(D2-Pad1)")
    (add_net "Net-(D3-Pad1)")
    (add_net "Net-(J2-Pad2)")
    (add_net "Net-(J2-Pad3)")
    (add_net "Net-(R11-Pad1)")
  )

  (module Connector_USB:USB_A_CNCTech_1001-011-01101_Horizontal (layer F.Cu) (tedit 5AFEF547) (tstamp 5FC04078)
    (at 75.2 60 180)
    (descr http://cnctech.us/pdfs/1001-011-01101.pdf)
    (tags USB-A)
    (path /5FD05524)
    (attr smd)
    (fp_text reference J2 (at -6.9 -8 180) (layer F.SilkS)
      (effects (font (size 1 1) (thickness 0.15)))
    )
    (fp_text value USB_B (at 0 8) (layer F.Fab)
      (effects (font (size 1 1) (thickness 0.15)))
    )
    (fp_line (start -7.9 6.025) (end -7.9 -6.025) (layer F.Fab) (width 0.1))
    (fp_line (start -7.9 -6.025) (end 10.9 -6.025) (layer F.Fab) (width 0.1))
    (fp_line (start -7.9 6.025) (end 10.9 6.025) (layer F.Fab) (width 0.1))
    (fp_line (start 10.9 6.025) (end 10.9 -6.025) (layer F.Fab) (width 0.1))
    (fp_line (start -10.4 3.75) (end -10.4 3.25) (layer F.Fab) (width 0.1))
    (fp_line (start -10.4 3.25) (end -7.9 3.25) (layer F.Fab) (width 0.1))
    (fp_line (start -10.4 3.75) (end -7.9 3.75) (layer F.Fab) (width 0.1))
    (fp_line (start -10.4 0.75) (end -7.9 0.75) (layer F.Fab) (width 0.1))
    (fp_line (start -10.4 1.25) (end -10.4 0.75) (layer F.Fab) (width 0.1))
    (fp_line (start -10.4 1.25) (end -7.9 1.25) (layer F.Fab) (width 0.1))
    (fp_line (start -10.4 -0.75) (end -10.4 -1.25) (layer F.Fab) (width 0.1))
    (fp_line (start -10.4 -0.75) (end -7.9 -0.75) (layer F.Fab) (width 0.1))
    (fp_line (start -10.4 -1.25) (end -7.9 -1.25) (layer F.Fab) (width 0.1))
    (fp_line (start -10.4 -3.75) (end -7.9 -3.75) (layer F.Fab) (width 0.1))
    (fp_line (start -10.4 -3.25) (end -10.4 -3.75) (layer F.Fab) (width 0.1))
    (fp_line (start -10.4 -3.25) (end -7.9 -3.25) (layer F.Fab) (width 0.1))
    (fp_circle (center -6.9 -2.3) (end -6.9 -2.8) (layer F.Fab) (width 0.1))
    (fp_circle (center -6.9 2.3) (end -6.9 2.8) (layer F.Fab) (width 0.1))
    (fp_line (start -8.02 -4.4) (end -8.02 4.4) (layer F.SilkS) (width 0.12))
    (fp_line (start -3.8 6.025) (end -3.8 -6.025) (layer Dwgs.User) (width 0.1))
    (fp_text user "PCB Edge" (at -4.55 -0.05 270) (layer Dwgs.User)
      (effects (font (size 0.6 0.6) (thickness 0.09)))
    )
    (fp_line (start -4.85 -6.145) (end -3.8 -6.145) (layer F.SilkS) (width 0.12))
    (fp_line (start -4.85 6.145) (end -3.8 6.145) (layer F.SilkS) (width 0.12))
    (fp_line (start -11.4 4.55) (end -11.4 -4.55) (layer F.CrtYd) (width 0.05))
    (fp_line (start -11.4 -4.55) (end -9.15 -4.55) (layer F.CrtYd) (width 0.05))
    (fp_line (start -9.15 -7.15) (end -9.15 -4.55) (layer F.CrtYd) (width 0.05))
    (fp_line (start -9.15 -7.15) (end -4.65 -7.15) (layer F.CrtYd) (width 0.05))
    (fp_line (start -4.65 -6.52) (end -4.65 -7.15) (layer F.CrtYd) (width 0.05))
    (fp_line (start -4.65 -6.52) (end 11.4 -6.52) (layer F.CrtYd) (width 0.05))
    (fp_line (start 11.4 6.52) (end 11.4 -6.52) (layer F.CrtYd) (width 0.05))
    (fp_text user %R (at -6 0 270) (layer F.Fab)
      (effects (font (size 1 1) (thickness 0.15)))
    )
    (fp_line (start -4.65 6.52) (end 11.4 6.52) (layer F.CrtYd) (width 0.05))
    (fp_line (start -4.65 7.15) (end -4.65 6.52) (layer F.CrtYd) (width 0.05))
    (fp_line (start -9.15 7.15) (end -4.65 7.15) (layer F.CrtYd) (width 0.05))
    (fp_line (start -9.15 4.55) (end -9.15 7.15) (layer F.CrtYd) (width 0.05))
    (fp_line (start -11.4 4.55) (end -9.15 4.55) (layer F.CrtYd) (width 0.05))
    (pad 2 smd rect (at -9.65 -1 180) (size 2.5 1.1) (layers F.Cu F.Paste F.Mask)
      (net 15 "Net-(J2-Pad2)"))
    (pad 3 smd rect (at -9.65 1 180) (size 2.5 1.1) (layers F.Cu F.Paste F.Mask)
      (net 16 "Net-(J2-Pad3)"))
    (pad 1 smd rect (at -9.65 -3.5 180) (size 2.5 1.1) (layers F.Cu F.Paste F.Mask)
      (net 10 "Net-(D1-Pad2)"))
    (pad 4 smd rect (at -9.65 3.5 180) (size 2.5 1.1) (layers F.Cu F.Paste F.Mask)
      (net 2 GND))
    (pad 5 thru_hole oval (at -6.9 -5.7 180) (size 3.5 1.9) (drill oval 2.5 0.9) (layers *.Cu *.Mask)
      (net 2 GND))
    (pad 5 thru_hole oval (at -6.9 5.7 180) (size 3.5 1.9) (drill oval 2.5 0.9) (layers *.Cu *.Mask)
      (net 2 GND))
    (pad "" np_thru_hole circle (at -6.9 -2.3 180) (size 1.1 1.1) (drill 1.1) (layers *.Cu *.Mask))
    (pad "" np_thru_hole circle (at -6.9 2.3 180) (size 1.1 1.1) (drill 1.1) (layers *.Cu *.Mask))
    (model ${KISYS3DMOD}/Connector_USB.3dshapes/USB_A_CNCTech_1001-011-01101_Horizontal.wrl
      (at (xyz 0 0 0))
      (scale (xyz 1 1 1))
      (rotate (xyz 0 0 0))
    )
  )

  (module Capacitor_SMD:C_0805_2012Metric (layer F.Cu) (tedit 5B36C52B) (tstamp 5FC03F56)
    (at 92.5 67 90)
    (descr "Capacitor SMD 0805 (2012 Metric), square (rectangular) end terminal, IPC_7351 nominal, (Body size source: https://docs.google.com/spreadsheets/d/1BsfQQcO9C6DZCsRaXUlFlo91Tg2WpOkGARC1WS5S8t0/edit?usp=sharing), generated with kicad-footprint-generator")
    (tags capacitor)
    (path /5FA8477E)
    (attr smd)
    (fp_text reference C1 (at -2.2 0.1 180) (layer F.SilkS)
      (effects (font (size 1 1) (thickness 0.15)))
    )
    (fp_text value 4u7_0805_16V (at 0 1.65 90) (layer F.Fab)
      (effects (font (size 1 1) (thickness 0.15)))
    )
    (fp_text user %R (at 0 0 90) (layer F.Fab)
      (effects (font (size 0.5 0.5) (thickness 0.08)))
    )
    (fp_line (start 1.68 0.95) (end -1.68 0.95) (layer F.CrtYd) (width 0.05))
    (fp_line (start 1.68 -0.95) (end 1.68 0.95) (layer F.CrtYd) (width 0.05))
    (fp_line (start -1.68 -0.95) (end 1.68 -0.95) (layer F.CrtYd) (width 0.05))
    (fp_line (start -1.68 0.95) (end -1.68 -0.95) (layer F.CrtYd) (width 0.05))
    (fp_line (start -0.258578 0.71) (end 0.258578 0.71) (layer F.SilkS) (width 0.12))
    (fp_line (start -0.258578 -0.71) (end 0.258578 -0.71) (layer F.SilkS) (width 0.12))
    (fp_line (start 1 0.6) (end -1 0.6) (layer F.Fab) (width 0.1))
    (fp_line (start 1 -0.6) (end 1 0.6) (layer F.Fab) (width 0.1))
    (fp_line (start -1 -0.6) (end 1 -0.6) (layer F.Fab) (width 0.1))
    (fp_line (start -1 0.6) (end -1 -0.6) (layer F.Fab) (width 0.1))
    (pad 2 smd roundrect (at 0.9375 0 90) (size 0.975 1.4) (layers F.Cu F.Paste F.Mask) (roundrect_rratio 0.25)
      (net 2 GND))
    (pad 1 smd roundrect (at -0.9375 0 90) (size 0.975 1.4) (layers F.Cu F.Paste F.Mask) (roundrect_rratio 0.25)
      (net 1 +5V))
    (model ${KISYS3DMOD}/Capacitor_SMD.3dshapes/C_0805_2012Metric.wrl
      (at (xyz 0 0 0))
      (scale (xyz 1 1 1))
      (rotate (xyz 0 0 0))
    )
  )

  (module Capacitor_SMD:C_0603_1608Metric (layer F.Cu) (tedit 5FB39234) (tstamp 5FC03F67)
    (at 93 64.5 180)
    (descr "Capacitor SMD 0603 (1608 Metric), square (rectangular) end terminal, IPC_7351 nominal, (Body size source: http://www.tortai-tech.com/upload/download/2011102023233369053.pdf), generated with kicad-footprint-generator")
    (tags capacitor)
    (path /5FA8226C)
    (attr smd)
    (fp_text reference C2 (at 1.7 0 270) (layer F.SilkS)
      (effects (font (size 0.6 0.6) (thickness 0.15)))
    )
    (fp_text value 22u_0603 (at 0 1.43 180) (layer F.Fab)
      (effects (font (size 1 1) (thickness 0.15)))
    )
    (fp_line (start -0.8 0.4) (end -0.8 -0.4) (layer F.Fab) (width 0.1))
    (fp_line (start -0.8 -0.4) (end 0.8 -0.4) (layer F.Fab) (width 0.1))
    (fp_line (start 0.8 -0.4) (end 0.8 0.4) (layer F.Fab) (width 0.1))
    (fp_line (start 0.8 0.4) (end -0.8 0.4) (layer F.Fab) (width 0.1))
    (fp_line (start -0.162779 -0.51) (end 0.162779 -0.51) (layer F.SilkS) (width 0.12))
    (fp_line (start -0.162779 0.51) (end 0.162779 0.51) (layer F.SilkS) (width 0.12))
    (fp_line (start -1.48 0.73) (end -1.48 -0.73) (layer F.CrtYd) (width 0.05))
    (fp_line (start -1.48 -0.73) (end 1.48 -0.73) (layer F.CrtYd) (width 0.05))
    (fp_line (start 1.48 -0.73) (end 1.48 0.73) (layer F.CrtYd) (width 0.05))
    (fp_line (start 1.48 0.73) (end -1.48 0.73) (layer F.CrtYd) (width 0.05))
    (fp_text user %R (at 0 0 180) (layer F.Fab)
      (effects (font (size 0.4 0.4) (thickness 0.06)))
    )
    (pad 1 smd roundrect (at -0.7875 0 180) (size 0.875 0.95) (layers F.Cu F.Paste F.Mask) (roundrect_rratio 0.25)
      (net 3 +3V3))
    (pad 2 smd roundrect (at 0.7875 0 180) (size 0.875 0.95) (layers F.Cu F.Paste F.Mask) (roundrect_rratio 0.25)
      (net 2 GND))
    (model ${KISYS3DMOD}/Capacitor_SMD.3dshapes/C_0603_1608Metric.wrl
      (at (xyz 0 0 0))
      (scale (xyz 1 1 1))
      (rotate (xyz 0 0 0))
    )
  )

  (module Capacitor_SMD:C_0603_1608Metric (layer F.Cu) (tedit 5FB390DD) (tstamp 5FC03F78)
    (at 93 63 180)
    (descr "Capacitor SMD 0603 (1608 Metric), square (rectangular) end terminal, IPC_7351 nominal, (Body size source: http://www.tortai-tech.com/upload/download/2011102023233369053.pdf), generated with kicad-footprint-generator")
    (tags capacitor)
    (path /5FA82350)
    (attr smd)
    (fp_text reference C3 (at 0.1 1.1 180) (layer F.SilkS)
      (effects (font (size 0.6 0.6) (thickness 0.15)))
    )
    (fp_text value 100n_0603 (at 0 1.43 180) (layer F.Fab)
      (effects (font (size 1 1) (thickness 0.15)))
    )
    (fp_text user %R (at 0 0 180) (layer F.Fab)
      (effects (font (size 0.4 0.4) (thickness 0.06)))
    )
    (fp_line (start 1.48 0.73) (end -1.48 0.73) (layer F.CrtYd) (width 0.05))
    (fp_line (start 1.48 -0.73) (end 1.48 0.73) (layer F.CrtYd) (width 0.05))
    (fp_line (start -1.48 -0.73) (end 1.48 -0.73) (layer F.CrtYd) (width 0.05))
    (fp_line (start -1.48 0.73) (end -1.48 -0.73) (layer F.CrtYd) (width 0.05))
    (fp_line (start -0.162779 0.51) (end 0.162779 0.51) (layer F.SilkS) (width 0.12))
    (fp_line (start -0.162779 -0.51) (end 0.162779 -0.51) (layer F.SilkS) (width 0.12))
    (fp_line (start 0.8 0.4) (end -0.8 0.4) (layer F.Fab) (width 0.1))
    (fp_line (start 0.8 -0.4) (end 0.8 0.4) (layer F.Fab) (width 0.1))
    (fp_line (start -0.8 -0.4) (end 0.8 -0.4) (layer F.Fab) (width 0.1))
    (fp_line (start -0.8 0.4) (end -0.8 -0.4) (layer F.Fab) (width 0.1))
    (pad 2 smd roundrect (at 0.7875 0 180) (size 0.875 0.95) (layers F.Cu F.Paste F.Mask) (roundrect_rratio 0.25)
      (net 2 GND))
    (pad 1 smd roundrect (at -0.7875 0 180) (size 0.875 0.95) (layers F.Cu F.Paste F.Mask) (roundrect_rratio 0.25)
      (net 3 +3V3))
    (model ${KISYS3DMOD}/Capacitor_SMD.3dshapes/C_0603_1608Metric.wrl
      (at (xyz 0 0 0))
      (scale (xyz 1 1 1))
      (rotate (xyz 0 0 0))
    )
  )

  (module Capacitor_SMD:C_0603_1608Metric (layer B.Cu) (tedit 5FB392DD) (tstamp 5FC03F89)
    (at 100.5 53.5 90)
    (descr "Capacitor SMD 0603 (1608 Metric), square (rectangular) end terminal, IPC_7351 nominal, (Body size source: http://www.tortai-tech.com/upload/download/2011102023233369053.pdf), generated with kicad-footprint-generator")
    (tags capacitor)
    (path /5FDB37D4)
    (attr smd)
    (fp_text reference C4 (at 2.2 0 90) (layer B.SilkS)
      (effects (font (size 0.8 0.8) (thickness 0.15)) (justify mirror))
    )
    (fp_text value 100n_0603 (at 0 -1.43 90) (layer B.Fab)
      (effects (font (size 1 1) (thickness 0.15)) (justify mirror))
    )
    (fp_text user %R (at 0 0 90) (layer B.Fab)
      (effects (font (size 0.4 0.4) (thickness 0.06)) (justify mirror))
    )
    (fp_line (start 1.48 -0.73) (end -1.48 -0.73) (layer B.CrtYd) (width 0.05))
    (fp_line (start 1.48 0.73) (end 1.48 -0.73) (layer B.CrtYd) (width 0.05))
    (fp_line (start -1.48 0.73) (end 1.48 0.73) (layer B.CrtYd) (width 0.05))
    (fp_line (start -1.48 -0.73) (end -1.48 0.73) (layer B.CrtYd) (width 0.05))
    (fp_line (start -0.162779 -0.51) (end 0.162779 -0.51) (layer B.SilkS) (width 0.12))
    (fp_line (start -0.162779 0.51) (end 0.162779 0.51) (layer B.SilkS) (width 0.12))
    (fp_line (start 0.8 -0.4) (end -0.8 -0.4) (layer B.Fab) (width 0.1))
    (fp_line (start 0.8 0.4) (end 0.8 -0.4) (layer B.Fab) (width 0.1))
    (fp_line (start -0.8 0.4) (end 0.8 0.4) (layer B.Fab) (width 0.1))
    (fp_line (start -0.8 -0.4) (end -0.8 0.4) (layer B.Fab) (width 0.1))
    (pad 2 smd roundrect (at 0.7875 0 90) (size 0.875 0.95) (layers B.Cu B.Paste B.Mask) (roundrect_rratio 0.25)
      (net 2 GND))
    (pad 1 smd roundrect (at -0.7875 0 90) (size 0.875 0.95) (layers B.Cu B.Paste B.Mask) (roundrect_rratio 0.25)
      (net 3 +3V3))
    (model ${KISYS3DMOD}/Capacitor_SMD.3dshapes/C_0603_1608Metric.wrl
      (at (xyz 0 0 0))
      (scale (xyz 1 1 1))
      (rotate (xyz 0 0 0))
    )
  )

  (module Capacitor_SMD:C_0603_1608Metric (layer F.Cu) (tedit 5FB391B2) (tstamp 5FC03F9A)
    (at 101.9 63.2 180)
    (descr "Capacitor SMD 0603 (1608 Metric), square (rectangular) end terminal, IPC_7351 nominal, (Body size source: http://www.tortai-tech.com/upload/download/2011102023233369053.pdf), generated with kicad-footprint-generator")
    (tags capacitor)
    (path /5FC08395)
    (attr smd)
    (fp_text reference C5 (at -0.3 1.1 180) (layer F.SilkS)
      (effects (font (size 0.7 0.7) (thickness 0.15)))
    )
    (fp_text value 20p_0603 (at 0 1.43 180) (layer F.Fab)
      (effects (font (size 1 1) (thickness 0.15)))
    )
    (fp_text user %R (at 0 0 180) (layer F.Fab)
      (effects (font (size 0.4 0.4) (thickness 0.06)))
    )
    (fp_line (start 1.48 0.73) (end -1.48 0.73) (layer F.CrtYd) (width 0.05))
    (fp_line (start 1.48 -0.73) (end 1.48 0.73) (layer F.CrtYd) (width 0.05))
    (fp_line (start -1.48 -0.73) (end 1.48 -0.73) (layer F.CrtYd) (width 0.05))
    (fp_line (start -1.48 0.73) (end -1.48 -0.73) (layer F.CrtYd) (width 0.05))
    (fp_line (start -0.162779 0.51) (end 0.162779 0.51) (layer F.SilkS) (width 0.12))
    (fp_line (start -0.162779 -0.51) (end 0.162779 -0.51) (layer F.SilkS) (width 0.12))
    (fp_line (start 0.8 0.4) (end -0.8 0.4) (layer F.Fab) (width 0.1))
    (fp_line (start 0.8 -0.4) (end 0.8 0.4) (layer F.Fab) (width 0.1))
    (fp_line (start -0.8 -0.4) (end 0.8 -0.4) (layer F.Fab) (width 0.1))
    (fp_line (start -0.8 0.4) (end -0.8 -0.4) (layer F.Fab) (width 0.1))
    (pad 2 smd roundrect (at 0.7875 0 180) (size 0.875 0.95) (layers F.Cu F.Paste F.Mask) (roundrect_rratio 0.25)
      (net 2 GND))
    (pad 1 smd roundrect (at -0.7875 0 180) (size 0.875 0.95) (layers F.Cu F.Paste F.Mask) (roundrect_rratio 0.25)
      (net 7 /OSCIN))
    (model ${KISYS3DMOD}/Capacitor_SMD.3dshapes/C_0603_1608Metric.wrl
      (at (xyz 0 0 0))
      (scale (xyz 1 1 1))
      (rotate (xyz 0 0 0))
    )
  )

  (module Capacitor_SMD:C_0603_1608Metric (layer F.Cu) (tedit 5FB399E9) (tstamp 5FC03FAB)
    (at 107.9 63.2)
    (descr "Capacitor SMD 0603 (1608 Metric), square (rectangular) end terminal, IPC_7351 nominal, (Body size source: http://www.tortai-tech.com/upload/download/2011102023233369053.pdf), generated with kicad-footprint-generator")
    (tags capacitor)
    (path /5FC0845A)
    (attr smd)
    (fp_text reference C6 (at -0.9 -1.1) (layer F.SilkS)
      (effects (font (size 0.6 0.6) (thickness 0.15)))
    )
    (fp_text value 20p_0603 (at 0 1.43) (layer F.Fab)
      (effects (font (size 1 1) (thickness 0.15)))
    )
    (fp_line (start -0.8 0.4) (end -0.8 -0.4) (layer F.Fab) (width 0.1))
    (fp_line (start -0.8 -0.4) (end 0.8 -0.4) (layer F.Fab) (width 0.1))
    (fp_line (start 0.8 -0.4) (end 0.8 0.4) (layer F.Fab) (width 0.1))
    (fp_line (start 0.8 0.4) (end -0.8 0.4) (layer F.Fab) (width 0.1))
    (fp_line (start -0.162779 -0.51) (end 0.162779 -0.51) (layer F.SilkS) (width 0.12))
    (fp_line (start -0.162779 0.51) (end 0.162779 0.51) (layer F.SilkS) (width 0.12))
    (fp_line (start -1.48 0.73) (end -1.48 -0.73) (layer F.CrtYd) (width 0.05))
    (fp_line (start -1.48 -0.73) (end 1.48 -0.73) (layer F.CrtYd) (width 0.05))
    (fp_line (start 1.48 -0.73) (end 1.48 0.73) (layer F.CrtYd) (width 0.05))
    (fp_line (start 1.48 0.73) (end -1.48 0.73) (layer F.CrtYd) (width 0.05))
    (fp_text user %R (at 0 0) (layer F.Fab)
      (effects (font (size 0.4 0.4) (thickness 0.06)))
    )
    (pad 1 smd roundrect (at -0.7875 0) (size 0.875 0.95) (layers F.Cu F.Paste F.Mask) (roundrect_rratio 0.25)
      (net 8 /OSCOUT))
    (pad 2 smd roundrect (at 0.7875 0) (size 0.875 0.95) (layers F.Cu F.Paste F.Mask) (roundrect_rratio 0.25)
      (net 2 GND))
    (model ${KISYS3DMOD}/Capacitor_SMD.3dshapes/C_0603_1608Metric.wrl
      (at (xyz 0 0 0))
      (scale (xyz 1 1 1))
      (rotate (xyz 0 0 0))
    )
  )

  (module Capacitor_SMD:C_0603_1608Metric (layer F.Cu) (tedit 5B301BBE) (tstamp 5FC03FCD)
    (at 98.9 62.4 90)
    (descr "Capacitor SMD 0603 (1608 Metric), square (rectangular) end terminal, IPC_7351 nominal, (Body size source: http://www.tortai-tech.com/upload/download/2011102023233369053.pdf), generated with kicad-footprint-generator")
    (tags capacitor)
    (path /5FCA77BA)
    (attr smd)
    (fp_text reference C8 (at 2 0 180) (layer F.SilkS)
      (effects (font (size 1 1) (thickness 0.15)))
    )
    (fp_text value 100n_0603 (at 0 1.43 90) (layer F.Fab)
      (effects (font (size 1 1) (thickness 0.15)))
    )
    (fp_text user %R (at 0 0 90) (layer F.Fab)
      (effects (font (size 0.4 0.4) (thickness 0.06)))
    )
    (fp_line (start 1.48 0.73) (end -1.48 0.73) (layer F.CrtYd) (width 0.05))
    (fp_line (start 1.48 -0.73) (end 1.48 0.73) (layer F.CrtYd) (width 0.05))
    (fp_line (start -1.48 -0.73) (end 1.48 -0.73) (layer F.CrtYd) (width 0.05))
    (fp_line (start -1.48 0.73) (end -1.48 -0.73) (layer F.CrtYd) (width 0.05))
    (fp_line (start -0.162779 0.51) (end 0.162779 0.51) (layer F.SilkS) (width 0.12))
    (fp_line (start -0.162779 -0.51) (end 0.162779 -0.51) (layer F.SilkS) (width 0.12))
    (fp_line (start 0.8 0.4) (end -0.8 0.4) (layer F.Fab) (width 0.1))
    (fp_line (start 0.8 -0.4) (end 0.8 0.4) (layer F.Fab) (width 0.1))
    (fp_line (start -0.8 -0.4) (end 0.8 -0.4) (layer F.Fab) (width 0.1))
    (fp_line (start -0.8 0.4) (end -0.8 -0.4) (layer F.Fab) (width 0.1))
    (pad 2 smd roundrect (at 0.7875 0 90) (size 0.875 0.95) (layers F.Cu F.Paste F.Mask) (roundrect_rratio 0.25)
      (net 2 GND))
    (pad 1 smd roundrect (at -0.7875 0 90) (size 0.875 0.95) (layers F.Cu F.Paste F.Mask) (roundrect_rratio 0.25)
      (net 3 +3V3))
    (model ${KISYS3DMOD}/Capacitor_SMD.3dshapes/C_0603_1608Metric.wrl
      (at (xyz 0 0 0))
      (scale (xyz 1 1 1))
      (rotate (xyz 0 0 0))
    )
  )

  (module Capacitor_SMD:C_0603_1608Metric (layer F.Cu) (tedit 5B301BBE) (tstamp 5FC03FDE)
    (at 97 57 180)
    (descr "Capacitor SMD 0603 (1608 Metric), square (rectangular) end terminal, IPC_7351 nominal, (Body size source: http://www.tortai-tech.com/upload/download/2011102023233369053.pdf), generated with kicad-footprint-generator")
    (tags capacitor)
    (path /5FB898D8)
    (attr smd)
    (fp_text reference C9 (at 0 -1.43 180) (layer F.SilkS)
      (effects (font (size 1 1) (thickness 0.15)))
    )
    (fp_text value 100n_0603 (at 0 1.43 180) (layer F.Fab)
      (effects (font (size 1 1) (thickness 0.15)))
    )
    (fp_line (start -0.8 0.4) (end -0.8 -0.4) (layer F.Fab) (width 0.1))
    (fp_line (start -0.8 -0.4) (end 0.8 -0.4) (layer F.Fab) (width 0.1))
    (fp_line (start 0.8 -0.4) (end 0.8 0.4) (layer F.Fab) (width 0.1))
    (fp_line (start 0.8 0.4) (end -0.8 0.4) (layer F.Fab) (width 0.1))
    (fp_line (start -0.162779 -0.51) (end 0.162779 -0.51) (layer F.SilkS) (width 0.12))
    (fp_line (start -0.162779 0.51) (end 0.162779 0.51) (layer F.SilkS) (width 0.12))
    (fp_line (start -1.48 0.73) (end -1.48 -0.73) (layer F.CrtYd) (width 0.05))
    (fp_line (start -1.48 -0.73) (end 1.48 -0.73) (layer F.CrtYd) (width 0.05))
    (fp_line (start 1.48 -0.73) (end 1.48 0.73) (layer F.CrtYd) (width 0.05))
    (fp_line (start 1.48 0.73) (end -1.48 0.73) (layer F.CrtYd) (width 0.05))
    (fp_text user %R (at 0 0 180) (layer F.Fab)
      (effects (font (size 0.4 0.4) (thickness 0.06)))
    )
    (pad 1 smd roundrect (at -0.7875 0 180) (size 0.875 0.95) (layers F.Cu F.Paste F.Mask) (roundrect_rratio 0.25)
      (net 3 +3V3))
    (pad 2 smd roundrect (at 0.7875 0 180) (size 0.875 0.95) (layers F.Cu F.Paste F.Mask) (roundrect_rratio 0.25)
      (net 2 GND))
    (model ${KISYS3DMOD}/Capacitor_SMD.3dshapes/C_0603_1608Metric.wrl
      (at (xyz 0 0 0))
      (scale (xyz 1 1 1))
      (rotate (xyz 0 0 0))
    )
  )

  (module Capacitor_SMD:C_0603_1608Metric (layer F.Cu) (tedit 5B301BBE) (tstamp 5FC03FEF)
    (at 92.6 58.6)
    (descr "Capacitor SMD 0603 (1608 Metric), square (rectangular) end terminal, IPC_7351 nominal, (Body size source: http://www.tortai-tech.com/upload/download/2011102023233369053.pdf), generated with kicad-footprint-generator")
    (tags capacitor)
    (path /5FC8E6AD)
    (attr smd)
    (fp_text reference C10 (at 0 -1.43) (layer F.SilkS)
      (effects (font (size 1 1) (thickness 0.15)))
    )
    (fp_text value 100n_0603 (at 0 1.43) (layer F.Fab)
      (effects (font (size 1 1) (thickness 0.15)))
    )
    (fp_line (start -0.8 0.4) (end -0.8 -0.4) (layer F.Fab) (width 0.1))
    (fp_line (start -0.8 -0.4) (end 0.8 -0.4) (layer F.Fab) (width 0.1))
    (fp_line (start 0.8 -0.4) (end 0.8 0.4) (layer F.Fab) (width 0.1))
    (fp_line (start 0.8 0.4) (end -0.8 0.4) (layer F.Fab) (width 0.1))
    (fp_line (start -0.162779 -0.51) (end 0.162779 -0.51) (layer F.SilkS) (width 0.12))
    (fp_line (start -0.162779 0.51) (end 0.162779 0.51) (layer F.SilkS) (width 0.12))
    (fp_line (start -1.48 0.73) (end -1.48 -0.73) (layer F.CrtYd) (width 0.05))
    (fp_line (start -1.48 -0.73) (end 1.48 -0.73) (layer F.CrtYd) (width 0.05))
    (fp_line (start 1.48 -0.73) (end 1.48 0.73) (layer F.CrtYd) (width 0.05))
    (fp_line (start 1.48 0.73) (end -1.48 0.73) (layer F.CrtYd) (width 0.05))
    (fp_text user %R (at 0 0) (layer F.Fab)
      (effects (font (size 0.4 0.4) (thickness 0.06)))
    )
    (pad 1 smd roundrect (at -0.7875 0) (size 0.875 0.95) (layers F.Cu F.Paste F.Mask) (roundrect_rratio 0.25)
      (net 3 +3V3))
    (pad 2 smd roundrect (at 0.7875 0) (size 0.875 0.95) (layers F.Cu F.Paste F.Mask) (roundrect_rratio 0.25)
      (net 2 GND))
    (model ${KISYS3DMOD}/Capacitor_SMD.3dshapes/C_0603_1608Metric.wrl
      (at (xyz 0 0 0))
      (scale (xyz 1 1 1))
      (rotate (xyz 0 0 0))
    )
  )

  (module Diode_SMD:D_SMA (layer F.Cu) (tedit 586432E5) (tstamp 5FB379F3)
    (at 89 65.5 90)
    (descr "Diode SMA (DO-214AC)")
    (tags "Diode SMA (DO-214AC)")
    (path /5FD3637A)
    (attr smd)
    (fp_text reference D1 (at 0 -2.5 90) (layer F.SilkS)
      (effects (font (size 1 1) (thickness 0.15)))
    )
    (fp_text value SS110-A (at 0 2.6 90) (layer F.Fab)
      (effects (font (size 1 1) (thickness 0.15)))
    )
    (fp_text user %R (at 0 -2.5 90) (layer F.Fab)
      (effects (font (size 1 1) (thickness 0.15)))
    )
    (fp_line (start -3.4 -1.65) (end -3.4 1.65) (layer F.SilkS) (width 0.12))
    (fp_line (start 2.3 1.5) (end -2.3 1.5) (layer F.Fab) (width 0.1))
    (fp_line (start -2.3 1.5) (end -2.3 -1.5) (layer F.Fab) (width 0.1))
    (fp_line (start 2.3 -1.5) (end 2.3 1.5) (layer F.Fab) (width 0.1))
    (fp_line (start 2.3 -1.5) (end -2.3 -1.5) (layer F.Fab) (width 0.1))
    (fp_line (start -3.5 -1.75) (end 3.5 -1.75) (layer F.CrtYd) (width 0.05))
    (fp_line (start 3.5 -1.75) (end 3.5 1.75) (layer F.CrtYd) (width 0.05))
    (fp_line (start 3.5 1.75) (end -3.5 1.75) (layer F.CrtYd) (width 0.05))
    (fp_line (start -3.5 1.75) (end -3.5 -1.75) (layer F.CrtYd) (width 0.05))
    (fp_line (start -0.64944 0.00102) (end -1.55114 0.00102) (layer F.Fab) (width 0.1))
    (fp_line (start 0.50118 0.00102) (end 1.4994 0.00102) (layer F.Fab) (width 0.1))
    (fp_line (start -0.64944 -0.79908) (end -0.64944 0.80112) (layer F.Fab) (width 0.1))
    (fp_line (start 0.50118 0.75032) (end 0.50118 -0.79908) (layer F.Fab) (width 0.1))
    (fp_line (start -0.64944 0.00102) (end 0.50118 0.75032) (layer F.Fab) (width 0.1))
    (fp_line (start -0.64944 0.00102) (end 0.50118 -0.79908) (layer F.Fab) (width 0.1))
    (fp_line (start -3.4 1.65) (end 2 1.65) (layer F.SilkS) (width 0.12))
    (fp_line (start -3.4 -1.65) (end 2 -1.65) (layer F.SilkS) (width 0.12))
    (pad 1 smd rect (at -2 0 90) (size 2.5 1.8) (layers F.Cu F.Paste F.Mask)
      (net 1 +5V))
    (pad 2 smd rect (at 2 0 90) (size 2.5 1.8) (layers F.Cu F.Paste F.Mask)
      (net 10 "Net-(D1-Pad2)"))
    (model ${KISYS3DMOD}/Diode_SMD.3dshapes/D_SMA.wrl
      (at (xyz 0 0 0))
      (scale (xyz 1 1 1))
      (rotate (xyz 0 0 0))
    )
  )

  (module LED_SMD:LED_0603_1608Metric (layer F.Cu) (tedit 5B301BBE) (tstamp 5FC0401A)
    (at 103.8 60 90)
    (descr "LED SMD 0603 (1608 Metric), square (rectangular) end terminal, IPC_7351 nominal, (Body size source: http://www.tortai-tech.com/upload/download/2011102023233369053.pdf), generated with kicad-footprint-generator")
    (tags diode)
    (path /5FAE19BE)
    (attr smd)
    (fp_text reference D2 (at 2.5 0 90) (layer F.SilkS)
      (effects (font (size 1 1) (thickness 0.15)))
    )
    (fp_text value GREEN (at 0 1.43 90) (layer F.Fab)
      (effects (font (size 1 1) (thickness 0.15)))
    )
    (fp_line (start 0.8 -0.4) (end -0.5 -0.4) (layer F.Fab) (width 0.1))
    (fp_line (start -0.5 -0.4) (end -0.8 -0.1) (layer F.Fab) (width 0.1))
    (fp_line (start -0.8 -0.1) (end -0.8 0.4) (layer F.Fab) (width 0.1))
    (fp_line (start -0.8 0.4) (end 0.8 0.4) (layer F.Fab) (width 0.1))
    (fp_line (start 0.8 0.4) (end 0.8 -0.4) (layer F.Fab) (width 0.1))
    (fp_line (start 0.8 -0.735) (end -1.485 -0.735) (layer F.SilkS) (width 0.12))
    (fp_line (start -1.485 -0.735) (end -1.485 0.735) (layer F.SilkS) (width 0.12))
    (fp_line (start -1.485 0.735) (end 0.8 0.735) (layer F.SilkS) (width 0.12))
    (fp_line (start -1.48 0.73) (end -1.48 -0.73) (layer F.CrtYd) (width 0.05))
    (fp_line (start -1.48 -0.73) (end 1.48 -0.73) (layer F.CrtYd) (width 0.05))
    (fp_line (start 1.48 -0.73) (end 1.48 0.73) (layer F.CrtYd) (width 0.05))
    (fp_line (start 1.48 0.73) (end -1.48 0.73) (layer F.CrtYd) (width 0.05))
    (fp_text user %R (at 0 0 90) (layer F.Fab)
      (effects (font (size 0.4 0.4) (thickness 0.06)))
    )
    (pad 1 smd roundrect (at -0.7875 0 90) (size 0.875 0.95) (layers F.Cu F.Paste F.Mask) (roundrect_rratio 0.25)
      (net 11 "Net-(D2-Pad1)"))
    (pad 2 smd roundrect (at 0.7875 0 90) (size 0.875 0.95) (layers F.Cu F.Paste F.Mask) (roundrect_rratio 0.25)
      (net 3 +3V3))
    (model ${KISYS3DMOD}/LED_SMD.3dshapes/LED_0603_1608Metric.wrl
      (at (xyz 0 0 0))
      (scale (xyz 1 1 1))
      (rotate (xyz 0 0 0))
    )
  )

  (module LED_SMD:LED_0603_1608Metric (layer F.Cu) (tedit 5B301BBE) (tstamp 5FC0402D)
    (at 102.3 60 90)
    (descr "LED SMD 0603 (1608 Metric), square (rectangular) end terminal, IPC_7351 nominal, (Body size source: http://www.tortai-tech.com/upload/download/2011102023233369053.pdf), generated with kicad-footprint-generator")
    (tags diode)
    (path /5FAE42CA)
    (attr smd)
    (fp_text reference D3 (at 2.5 0 90) (layer F.SilkS)
      (effects (font (size 1 1) (thickness 0.15)))
    )
    (fp_text value RED (at 0 1.43 90) (layer F.Fab)
      (effects (font (size 1 1) (thickness 0.15)))
    )
    (fp_text user %R (at 0 0 90) (layer F.Fab)
      (effects (font (size 0.4 0.4) (thickness 0.06)))
    )
    (fp_line (start 1.48 0.73) (end -1.48 0.73) (layer F.CrtYd) (width 0.05))
    (fp_line (start 1.48 -0.73) (end 1.48 0.73) (layer F.CrtYd) (width 0.05))
    (fp_line (start -1.48 -0.73) (end 1.48 -0.73) (layer F.CrtYd) (width 0.05))
    (fp_line (start -1.48 0.73) (end -1.48 -0.73) (layer F.CrtYd) (width 0.05))
    (fp_line (start -1.485 0.735) (end 0.8 0.735) (layer F.SilkS) (width 0.12))
    (fp_line (start -1.485 -0.735) (end -1.485 0.735) (layer F.SilkS) (width 0.12))
    (fp_line (start 0.8 -0.735) (end -1.485 -0.735) (layer F.SilkS) (width 0.12))
    (fp_line (start 0.8 0.4) (end 0.8 -0.4) (layer F.Fab) (width 0.1))
    (fp_line (start -0.8 0.4) (end 0.8 0.4) (layer F.Fab) (width 0.1))
    (fp_line (start -0.8 -0.1) (end -0.8 0.4) (layer F.Fab) (width 0.1))
    (fp_line (start -0.5 -0.4) (end -0.8 -0.1) (layer F.Fab) (width 0.1))
    (fp_line (start 0.8 -0.4) (end -0.5 -0.4) (layer F.Fab) (width 0.1))
    (pad 2 smd roundrect (at 0.7875 0 90) (size 0.875 0.95) (layers F.Cu F.Paste F.Mask) (roundrect_rratio 0.25)
      (net 3 +3V3))
    (pad 1 smd roundrect (at -0.7875 0 90) (size 0.875 0.95) (layers F.Cu F.Paste F.Mask) (roundrect_rratio 0.25)
      (net 12 "Net-(D3-Pad1)"))
    (model ${KISYS3DMOD}/LED_SMD.3dshapes/LED_0603_1608Metric.wrl
      (at (xyz 0 0 0))
      (scale (xyz 1 1 1))
      (rotate (xyz 0 0 0))
    )
  )

  (module Connector_JST:JST_SH_SM04B-SRSS-TB_1x04-1MP_P1.00mm_Horizontal (layer F.Cu) (tedit 5B78AD87) (tstamp 5FC04048)
    (at 98 53 180)
    (descr "JST SH series connector, SM04B-SRSS-TB (http://www.jst-mfg.com/product/pdf/eng/eSH.pdf), generated with kicad-footprint-generator")
    (tags "connector JST SH top entry")
    (path /5FD72A1C)
    (attr smd)
    (fp_text reference J1 (at -3.8 -2.1 180) (layer F.SilkS)
      (effects (font (size 1 1) (thickness 0.15)))
    )
    (fp_text value Jst1.0x4 (at 0 3.98 180) (layer F.Fab)
      (effects (font (size 1 1) (thickness 0.15)))
    )
    (fp_line (start -3 -1.675) (end 3 -1.675) (layer F.Fab) (width 0.1))
    (fp_line (start -3.11 0.715) (end -3.11 -1.785) (layer F.SilkS) (width 0.12))
    (fp_line (start -3.11 -1.785) (end -2.06 -1.785) (layer F.SilkS) (width 0.12))
    (fp_line (start -2.06 -1.785) (end -2.06 -2.775) (layer F.SilkS) (width 0.12))
    (fp_line (start 3.11 0.715) (end 3.11 -1.785) (layer F.SilkS) (width 0.12))
    (fp_line (start 3.11 -1.785) (end 2.06 -1.785) (layer F.SilkS) (width 0.12))
    (fp_line (start -1.94 2.685) (end 1.94 2.685) (layer F.SilkS) (width 0.12))
    (fp_line (start -3 2.575) (end 3 2.575) (layer F.Fab) (width 0.1))
    (fp_line (start -3 -1.675) (end -3 2.575) (layer F.Fab) (width 0.1))
    (fp_line (start 3 -1.675) (end 3 2.575) (layer F.Fab) (width 0.1))
    (fp_line (start -3.9 -3.28) (end -3.9 3.28) (layer F.CrtYd) (width 0.05))
    (fp_line (start -3.9 3.28) (end 3.9 3.28) (layer F.CrtYd) (width 0.05))
    (fp_line (start 3.9 3.28) (end 3.9 -3.28) (layer F.CrtYd) (width 0.05))
    (fp_line (start 3.9 -3.28) (end -3.9 -3.28) (layer F.CrtYd) (width 0.05))
    (fp_line (start -2 -1.675) (end -1.5 -0.967893) (layer F.Fab) (width 0.1))
    (fp_line (start -1.5 -0.967893) (end -1 -1.675) (layer F.Fab) (width 0.1))
    (fp_text user %R (at 0 0 180) (layer F.Fab)
      (effects (font (size 1 1) (thickness 0.15)))
    )
    (pad 1 smd roundrect (at -1.5 -2 180) (size 0.6 1.55) (layers F.Cu F.Paste F.Mask) (roundrect_rratio 0.25)
      (net 3 +3V3))
    (pad 2 smd roundrect (at -0.5 -2 180) (size 0.6 1.55) (layers F.Cu F.Paste F.Mask) (roundrect_rratio 0.25)
      (net 13 /SWDIO))
    (pad 3 smd roundrect (at 0.5 -2 180) (size 0.6 1.55) (layers F.Cu F.Paste F.Mask) (roundrect_rratio 0.25)
      (net 14 /SWCLK))
    (pad 4 smd roundrect (at 1.5 -2 180) (size 0.6 1.55) (layers F.Cu F.Paste F.Mask) (roundrect_rratio 0.25)
      (net 2 GND))
    (pad MP smd roundrect (at -2.8 1.875 180) (size 1.2 1.8) (layers F.Cu F.Paste F.Mask) (roundrect_rratio 0.208333))
    (pad MP smd roundrect (at 2.8 1.875 180) (size 1.2 1.8) (layers F.Cu F.Paste F.Mask) (roundrect_rratio 0.208333))
    (model ${KISYS3DMOD}/Connector_JST.3dshapes/JST_SH_SM04B-SRSS-TB_1x04-1MP_P1.00mm_Horizontal.wrl
      (at (xyz 0 0 0))
      (scale (xyz 1 1 1))
      (rotate (xyz 0 0 0))
    )
  )

  (module Connector_JST:JST_SH_SM03B-SRSS-TB_1x03-1MP_P1.00mm_Horizontal (layer F.Cu) (tedit 5B78AD87) (tstamp 5FC04092)
    (at 90 53 180)
    (descr "JST SH series connector, SM03B-SRSS-TB (http://www.jst-mfg.com/product/pdf/eng/eSH.pdf), generated with kicad-footprint-generator")
    (tags "connector JST SH top entry")
    (path /5FA7E677)
    (attr smd)
    (fp_text reference J4 (at 4.1 1.8 270) (layer F.SilkS)
      (effects (font (size 1 1) (thickness 0.15)))
    )
    (fp_text value JST1.0 (at 0 3.98 180) (layer F.Fab)
      (effects (font (size 1 1) (thickness 0.15)))
    )
    (fp_line (start -2.5 -1.675) (end 2.5 -1.675) (layer F.Fab) (width 0.1))
    (fp_line (start -2.61 0.715) (end -2.61 -1.785) (layer F.SilkS) (width 0.12))
    (fp_line (start -2.61 -1.785) (end -1.56 -1.785) (layer F.SilkS) (width 0.12))
    (fp_line (start -1.56 -1.785) (end -1.56 -2.775) (layer F.SilkS) (width 0.12))
    (fp_line (start 2.61 0.715) (end 2.61 -1.785) (layer F.SilkS) (width 0.12))
    (fp_line (start 2.61 -1.785) (end 1.56 -1.785) (layer F.SilkS) (width 0.12))
    (fp_line (start -1.44 2.685) (end 1.44 2.685) (layer F.SilkS) (width 0.12))
    (fp_line (start -2.5 2.575) (end 2.5 2.575) (layer F.Fab) (width 0.1))
    (fp_line (start -2.5 -1.675) (end -2.5 2.575) (layer F.Fab) (width 0.1))
    (fp_line (start 2.5 -1.675) (end 2.5 2.575) (layer F.Fab) (width 0.1))
    (fp_line (start -3.4 -3.28) (end -3.4 3.28) (layer F.CrtYd) (width 0.05))
    (fp_line (start -3.4 3.28) (end 3.4 3.28) (layer F.CrtYd) (width 0.05))
    (fp_line (start 3.4 3.28) (end 3.4 -3.28) (layer F.CrtYd) (width 0.05))
    (fp_line (start 3.4 -3.28) (end -3.4 -3.28) (layer F.CrtYd) (width 0.05))
    (fp_line (start -1.5 -1.675) (end -1 -0.967893) (layer F.Fab) (width 0.1))
    (fp_line (start -1 -0.967893) (end -0.5 -1.675) (layer F.Fab) (width 0.1))
    (fp_text user %R (at 0 0 180) (layer F.Fab)
      (effects (font (size 1 1) (thickness 0.15)))
    )
    (pad 1 smd roundrect (at -1 -2 180) (size 0.6 1.55) (layers F.Cu F.Paste F.Mask) (roundrect_rratio 0.25)
      (net 4 /RX))
    (pad 2 smd roundrect (at 0 -2 180) (size 0.6 1.55) (layers F.Cu F.Paste F.Mask) (roundrect_rratio 0.25)
      (net 5 /TX))
    (pad 3 smd roundrect (at 1 -2 180) (size 0.6 1.55) (layers F.Cu F.Paste F.Mask) (roundrect_rratio 0.25)
      (net 2 GND))
    (pad MP smd roundrect (at -2.3 1.875 180) (size 1.2 1.8) (layers F.Cu F.Paste F.Mask) (roundrect_rratio 0.208333))
    (pad MP smd roundrect (at 2.3 1.875 180) (size 1.2 1.8) (layers F.Cu F.Paste F.Mask) (roundrect_rratio 0.208333))
    (model ${KISYS3DMOD}/Connector_JST.3dshapes/JST_SH_SM03B-SRSS-TB_1x03-1MP_P1.00mm_Horizontal.wrl
      (at (xyz 0 0 0))
      (scale (xyz 1 1 1))
      (rotate (xyz 0 0 0))
    )
  )

  (module Resistor_SMD:R_0603_1608Metric (layer F.Cu) (tedit 5FB3910F) (tstamp 5FC040A3)
    (at 89 59.5 180)
    (descr "Resistor SMD 0603 (1608 Metric), square (rectangular) end terminal, IPC_7351 nominal, (Body size source: http://www.tortai-tech.com/upload/download/2011102023233369053.pdf), generated with kicad-footprint-generator")
    (tags resistor)
    (path /5FD420F8)
    (attr smd)
    (fp_text reference R1 (at 2.1 0.1 270) (layer F.SilkS)
      (effects (font (size 0.8 0.8) (thickness 0.15)))
    )
    (fp_text value 20R_0603 (at 0 1.43 180) (layer F.Fab)
      (effects (font (size 1 1) (thickness 0.15)))
    )
    (fp_line (start -0.8 0.4) (end -0.8 -0.4) (layer F.Fab) (width 0.1))
    (fp_line (start -0.8 -0.4) (end 0.8 -0.4) (layer F.Fab) (width 0.1))
    (fp_line (start 0.8 -0.4) (end 0.8 0.4) (layer F.Fab) (width 0.1))
    (fp_line (start 0.8 0.4) (end -0.8 0.4) (layer F.Fab) (width 0.1))
    (fp_line (start -0.162779 -0.51) (end 0.162779 -0.51) (layer F.SilkS) (width 0.12))
    (fp_line (start -0.162779 0.51) (end 0.162779 0.51) (layer F.SilkS) (width 0.12))
    (fp_line (start -1.48 0.73) (end -1.48 -0.73) (layer F.CrtYd) (width 0.05))
    (fp_line (start -1.48 -0.73) (end 1.48 -0.73) (layer F.CrtYd) (width 0.05))
    (fp_line (start 1.48 -0.73) (end 1.48 0.73) (layer F.CrtYd) (width 0.05))
    (fp_line (start 1.48 0.73) (end -1.48 0.73) (layer F.CrtYd) (width 0.05))
    (fp_text user %R (at 0 0 180) (layer F.Fab)
      (effects (font (size 0.4 0.4) (thickness 0.06)))
    )
    (pad 1 smd roundrect (at -0.7875 0 180) (size 0.875 0.95) (layers F.Cu F.Paste F.Mask) (roundrect_rratio 0.25)
      (net 17 /D+))
    (pad 2 smd roundrect (at 0.7875 0 180) (size 0.875 0.95) (layers F.Cu F.Paste F.Mask) (roundrect_rratio 0.25)
      (net 16 "Net-(J2-Pad3)"))
    (model ${KISYS3DMOD}/Resistor_SMD.3dshapes/R_0603_1608Metric.wrl
      (at (xyz 0 0 0))
      (scale (xyz 1 1 1))
      (rotate (xyz 0 0 0))
    )
  )

  (module Resistor_SMD:R_0603_1608Metric (layer F.Cu) (tedit 5FB3911F) (tstamp 5FC040B4)
    (at 89 61 180)
    (descr "Resistor SMD 0603 (1608 Metric), square (rectangular) end terminal, IPC_7351 nominal, (Body size source: http://www.tortai-tech.com/upload/download/2011102023233369053.pdf), generated with kicad-footprint-generator")
    (tags resistor)
    (path /5FD4226B)
    (attr smd)
    (fp_text reference R2 (at 2 -0.2 270) (layer F.SilkS)
      (effects (font (size 0.8 0.8) (thickness 0.15)))
    )
    (fp_text value 20R_0603 (at 0 1.43 180) (layer F.Fab)
